0.1 3
0.118367 2.77266
0.136735 2.58131
0.155102 2.41439
0.173469 2.26625
0.191837 2.13308
0.210204 2.01229
0.228571 1.9018
0.246939 1.79983
0.265306 1.7053
0.283673 1.61732
0.302041 1.53486
0.320408 1.45739
0.338776 1.3844
0.357143 1.3153
0.37551 1.24977
0.393878 1.18746
0.412245 1.12811
0.430612 1.07142
0.44898 1.01718
0.467347 0.965185
0.485714 0.915293
0.504082 0.867324
0.522449 0.821145
0.540816 0.776645
0.559184 0.733697
0.577551 0.69221
0.595918 0.652085
0.614286 0.613243
0.632653 0.575609
0.65102 0.539113
0.669388 0.503702
0.687755 0.469302
0.706122 0.435859
0.72449 0.403325
0.742857 0.371672
0.761224 0.340845
0.779592 0.310793
0.797959 0.281481
0.816327 0.25288
0.834694 0.224957
0.853061 0.197682
0.871429 0.171029
0.889796 0.144974
0.908163 0.119492
0.926531 0.0945599
0.944898 0.0701573
0.963265 0.0462654
0.981633 0.0228683
1 5.1865e-35
