0.1 3
0.118367 2.77234
0.136735 2.58073
0.155102 2.41358
0.173469 2.26524
0.191837 2.13189
0.210204 2.01095
0.228571 1.90032
0.246939 1.79823
0.265306 1.7036
0.283673 1.61552
0.302041 1.53298
0.320408 1.45545
0.338776 1.3824
0.357143 1.31325
0.37551 1.24769
0.393878 1.18534
0.412245 1.12598
0.430612 1.06928
0.44898 1.01503
0.467347 0.963045
0.485714 0.913165
0.504082 0.865217
0.522449 0.819066
0.540816 0.7746
0.559184 0.731692
0.577551 0.690252
0.595918 0.650179
0.614286 0.611395
0.632653 0.573824
0.65102 0.537395
0.669388 0.502056
0.687755 0.467731
0.706122 0.434367
0.72449 0.401916
0.742857 0.370348
0.761224 0.339609
0.779592 0.309648
0.797959 0.280428
0.816327 0.251921
0.834694 0.224094
0.853061 0.196916
0.871429 0.17036
0.889796 0.144402
0.908163 0.119018
0.926531 0.094182
0.944898 0.0698758
0.963265 0.0460791
0.981633 0.0227761
1 5.16556e-35
