0.1 3
0.118367 2.77276
0.136735 2.58151
0.155102 2.41466
0.173469 2.26659
0.191837 2.13348
0.210204 2.01275
0.228571 1.9023
0.246939 1.80037
0.265306 1.70588
0.283673 1.61793
0.302041 1.5355
0.320408 1.45805
0.338776 1.38508
0.357143 1.316
0.37551 1.25048
0.393878 1.18818
0.412245 1.12884
0.430612 1.07215
0.44898 1.01791
0.467347 0.965914
0.485714 0.916017
0.504082 0.868041
0.522449 0.821852
0.540816 0.777341
0.559184 0.734379
0.577551 0.692876
0.595918 0.652733
0.614286 0.613872
0.632653 0.576217
0.65102 0.539698
0.669388 0.504263
0.687755 0.469837
0.706122 0.436367
0.72449 0.403805
0.742857 0.372122
0.761224 0.341265
0.779592 0.311182
0.797959 0.281839
0.816327 0.253206
0.834694 0.225251
0.853061 0.197943
0.871429 0.171257
0.889796 0.145169
0.908163 0.119654
0.926531 0.0946885
0.944898 0.0702532
0.963265 0.0463287
0.981633 0.0228997
1 5.19363e-35
