0.1 3
0.118367 2.73687
0.136735 2.51584
0.155102 2.32328
0.173469 2.15272
0.191837 1.9998
0.210204 1.86158
0.228571 1.73567
0.246939 1.62009
0.265306 1.51358
0.283673 1.41515
0.302041 1.32363
0.320408 1.23842
0.338776 1.15895
0.357143 1.08451
0.37551 1.01478
0.393878 0.949322
0.412245 0.887865
0.430612 0.83003
0.44898 0.775571
0.467347 0.724264
0.485714 0.675915
0.504082 0.630308
0.522449 0.58727
0.540816 0.546659
0.559184 0.508307
0.577551 0.47209
0.595918 0.437868
0.614286 0.405528
0.632653 0.37496
0.65102 0.346048
0.669388 0.318704
0.687755 0.292822
0.706122 0.268307
0.72449 0.245072
0.742857 0.223045
0.761224 0.202139
0.779592 0.182268
0.797959 0.163355
0.816327 0.145333
0.834694 0.128134
0.853061 0.111688
0.871429 0.0959288
0.889796 0.0807992
0.908163 0.0662376
0.926531 0.0521835
0.944898 0.0385803
0.963265 0.0253785
0.981633 0.0125264
1 2.83775e-35
