0.1 3
0.118367 2.76061
0.136735 2.55927
0.155102 2.38372
0.173469 2.22803
0.191837 2.08821
0.210204 1.96155
0.228571 1.84586
0.246939 1.73931
0.265306 1.64074
0.283673 1.54924
0.302041 1.46372
0.320408 1.38364
0.338776 1.30846
0.357143 1.23756
0.37551 1.17061
0.393878 1.10722
0.412245 1.04716
0.430612 0.990071
0.44898 0.935742
0.467347 0.883971
0.485714 0.834587
0.504082 0.787403
0.522449 0.742272
0.540816 0.699072
0.559184 0.657662
0.577551 0.617941
0.595918 0.579796
0.614286 0.543137
0.632653 0.507877
0.65102 0.473931
0.669388 0.441233
0.687755 0.4097
0.706122 0.379264
0.72449 0.349863
0.742857 0.321454
0.761224 0.293972
0.779592 0.267355
0.797959 0.241552
0.816327 0.216523
0.834694 0.192222
0.853061 0.168605
0.871429 0.145633
0.889796 0.123271
0.908163 0.101481
0.926531 0.0802268
0.944898 0.0594765
0.963265 0.0392002
0.981633 0.01937
1 4.39199e-35
