0.1 3
0.118367 2.7728
0.136735 2.58157
0.155102 2.41476
0.173469 2.2667
0.191837 2.13362
0.210204 2.0129
0.228571 1.90247
0.246939 1.80056
0.265306 1.70608
0.283673 1.61813
0.302041 1.53571
0.320408 1.45828
0.338776 1.38532
0.357143 1.31624
0.37551 1.25073
0.393878 1.18842
0.412245 1.12909
0.430612 1.0724
0.44898 1.01816
0.467347 0.966162
0.485714 0.916263
0.504082 0.868285
0.522449 0.822093
0.540816 0.777578
0.559184 0.734611
0.577551 0.693103
0.595918 0.652954
0.614286 0.614086
0.632653 0.576424
0.65102 0.539897
0.669388 0.504454
0.687755 0.470019
0.706122 0.43654
0.72449 0.403968
0.742857 0.372276
0.761224 0.341408
0.779592 0.311315
0.797959 0.281961
0.816327 0.253317
0.834694 0.225351
0.853061 0.198032
0.871429 0.171335
0.889796 0.145235
0.908163 0.119709
0.926531 0.0947323
0.944898 0.0702858
0.963265 0.0463503
0.981633 0.0229104
1 5.19606e-35
