0.1 3
0.118367 2.77282
0.136735 2.5816
0.155102 2.4148
0.173469 2.26676
0.191837 2.13368
0.210204 2.01297
0.228571 1.90255
0.246939 1.80064
0.265306 1.70617
0.283673 1.61823
0.302041 1.53581
0.320408 1.45838
0.338776 1.38542
0.357143 1.31634
0.37551 1.25084
0.393878 1.18853
0.412245 1.1292
0.430612 1.07252
0.44898 1.01827
0.467347 0.966275
0.485714 0.916375
0.504082 0.868396
0.522449 0.822203
0.540816 0.777686
0.559184 0.734717
0.577551 0.693206
0.595918 0.653055
0.614286 0.614183
0.632653 0.576518
0.65102 0.539988
0.669388 0.504541
0.687755 0.470102
0.706122 0.436619
0.72449 0.404043
0.742857 0.372346
0.761224 0.341473
0.779592 0.311376
0.797959 0.282017
0.816327 0.253368
0.834694 0.225396
0.853061 0.198072
0.871429 0.17137
0.889796 0.145266
0.908163 0.119734
0.926531 0.0947522
0.944898 0.0703007
0.963265 0.0463602
0.981633 0.0229153
1 5.19717e-35
