0.1 3
0.118367 2.77281
0.136735 2.5816
0.155102 2.41479
0.173469 2.26674
0.191837 2.13366
0.210204 2.01295
0.228571 1.90253
0.246939 1.80062
0.265306 1.70615
0.283673 1.6182
0.302041 1.53579
0.320408 1.45835
0.338776 1.3854
0.357143 1.31632
0.37551 1.25081
0.393878 1.18851
0.412245 1.12917
0.430612 1.07249
0.44898 1.01824
0.467347 0.966246
0.485714 0.916347
0.504082 0.868368
0.522449 0.822175
0.540816 0.777658
0.559184 0.73469
0.577551 0.69318
0.595918 0.653029
0.614286 0.614159
0.632653 0.576494
0.65102 0.539965
0.669388 0.504519
0.687755 0.470081
0.706122 0.436599
0.72449 0.404024
0.742857 0.372328
0.761224 0.341457
0.779592 0.31136
0.797959 0.282003
0.816327 0.253355
0.834694 0.225385
0.853061 0.198062
0.871429 0.171361
0.889796 0.145258
0.908163 0.119728
0.926531 0.0947471
0.944898 0.0702969
0.963265 0.0463577
0.981633 0.022914
1 5.19688e-35
