0.1 3
0.118367 2.76866
0.136735 2.57401
0.155102 2.40423
0.173469 2.25358
0.191837 2.11821
0.210204 1.99548
0.228571 1.88326
0.246939 1.77977
0.265306 1.68391
0.283673 1.59476
0.302041 1.51129
0.320408 1.43295
0.338776 1.35924
0.357143 1.28954
0.37551 1.22354
0.393878 1.16087
0.412245 1.10129
0.430612 1.04447
0.44898 0.990192
0.467347 0.938273
0.485714 0.888549
0.504082 0.84084
0.522449 0.795008
0.540816 0.750939
0.559184 0.7085
0.577551 0.667598
0.595918 0.628129
0.614286 0.590011
0.632653 0.553163
0.65102 0.517512
0.669388 0.483001
0.687755 0.44955
0.706122 0.417104
0.72449 0.385608
0.742857 0.355029
0.761224 0.325311
0.779592 0.296397
0.797959 0.268248
0.816327 0.240831
0.834694 0.214108
0.853061 0.188046
0.871429 0.162613
0.889796 0.137782
0.908163 0.113523
0.926531 0.0898097
0.944898 0.0666176
0.963265 0.0439239
0.981633 0.0217089
1 4.92319e-35
