0.1 3
0.118367 2.77141
0.136735 2.57902
0.155102 2.4112
0.173469 2.26228
0.191837 2.12842
0.210204 2.00702
0.228571 1.89599
0.246939 1.79355
0.265306 1.6986
0.283673 1.61025
0.302041 1.52747
0.320408 1.44974
0.338776 1.37652
0.357143 1.30723
0.37551 1.24156
0.393878 1.17913
0.412245 1.11971
0.430612 1.06298
0.44898 1.00872
0.467347 0.956755
0.485714 0.906915
0.504082 0.859028
0.522449 0.812957
0.540816 0.768592
0.559184 0.725803
0.577551 0.6845
0.595918 0.64458
0.614286 0.605965
0.632653 0.568578
0.65102 0.532346
0.669388 0.497217
0.687755 0.463114
0.706122 0.429984
0.72449 0.397775
0.742857 0.366458
0.761224 0.335978
0.779592 0.306283
0.797959 0.277336
0.816327 0.249105
0.834694 0.221558
0.853061 0.194663
0.871429 0.168392
0.889796 0.142721
0.908163 0.117622
0.926531 0.0930718
0.944898 0.0690484
0.963265 0.0455318
0.981633 0.0225051
1 5.10402e-35
