0.1 3
0.118367 2.87975
0.136735 2.73976
0.155102 2.58102
0.173469 2.40525
0.191837 2.21472
0.210204 2.01253
0.228571 1.80294
0.246939 1.59077
0.265306 1.38061
0.283673 1.17795
0.302041 0.987378
0.320408 0.812966
0.338776 0.657382
0.357143 0.521887
0.37551 0.407118
0.393878 0.31202
0.412245 0.235285
0.430612 0.174491
0.44898 0.12727
0.467347 0.0914127
0.485714 0.0647463
0.504082 0.0451816
0.522449 0.0310203
0.540816 0.021028
0.559184 0.0140679
0.577551 0.00927344
0.595918 0.0060265
0.614286 0.00386523
0.632653 0.00244913
0.65102 0.00152696
0.669388 0.000937555
0.687755 0.00057073
0.706122 0.000342798
0.72449 0.000202123
0.742857 0.000117641
0.761224 6.79516e-05
0.779592 3.86599e-05
0.797959 2.15323e-05
0.816327 1.18988e-05
0.834694 6.52192e-06
0.853061 3.51154e-06
0.871429 1.848e-06
0.889796 9.70465e-07
0.908163 5.04582e-07
0.926531 2.5677e-07
0.944898 1.27841e-07
0.963265 6.3838e-08
0.981633 3.14591e-08
1 1.5105e-08
